0 0.995891824874 0 0
1 0.971349527324 0 0
2 0.933111512789 0 0
3 0.883498272341 0 0
4 0.825490650034 0 0
5 0.763150227647 0 0
6 0.701922966136 0 0
7 0.648512763284 0 0
8 0.61001463528 0 0
9 0.592296524738 0 0
10 0.598151203259 0 0
11 0.626152273674 0 0
12 0.67100292393 0 0
13 0.725291192943 0 0
14 0.781644959871 0 0
15 0.834246385463 0 0
16 0.879350060466 0 0
17 0.915100719669 0 0
18 0.941162174898 0 0
19 0.958438650753 0 0
20 0.968850087937 0 0
21 0.975046602364 0 0
22 0.97997480303 0 0
23 0.986235987255 0 0
24 0.995418795859 0 0
25 1.00783369002 0 0
26 1.02281178021 0 0
27 1.03925270081 0 0
28 1.05607559473 0 0
29 1.07246473797 0 0
30 1.08787643189 0 0
31 1.10182854318 0 0
32 1.11368839185 0 0
33 1.12273043141 0 0
34 1.12846830875 0 0
35 1.13100537966 0 0
36 1.13117429538 0 0
37 1.13038876917 0 0
38 1.13020826863 0 0
39 1.13171686883 0 0
40 1.13501288772 0 0
41 1.13914755166 0 0
42 1.14256994408 0 0
43 1.14380630299 0 0
44 1.14204793042 0 0
45 1.13746315014 0 0
46 1.13116204394 0 0
47 1.12479972463 0 0
48 1.11992221892 0 0
49 1.11733076509 0 0
50 1.11675773681 0 0
51 1.11698669976 0 0
52 1.1163399448 0 0
53 1.11333524158 0 0
54 1.10729841707 0 0
55 1.09870337295 0 0
56 1.08908907635 0 0
57 1.08056586407 0 0
58 1.07504743605 0 0
59 1.07347740508 0 0
60 1.07544444551 0 0
61 1.07940648667 0 0
62 1.08331392269 0 0
63 1.085271408 0 0
64 1.08404406398 0 0
65 1.07931936092 0 0
66 1.07165686393 0 0
67 1.06214907357 0 0
68 1.05196360823 0 0
69 1.04200656633 0 0
70 1.03285642702 0 0
71 1.0249273705 0 0
72 1.01862168291 0 0
73 1.01419713727 0 0
74 1.01141588332 0 0
75 1.00944997858 0 0
76 1.00728293634 0 0
77 1.00427538524 0 0
78 1.00051000332 0 0
79 0.996777434508 0 0
80 0.994163236116 0 0
81 0.993386850762 0 0
82 0.994334393787 0 0
83 0.996148632425 0 0
84 0.997728630791 0 0
85 0.998205533865 0 0
86 0.997215082354 0 0
87 0.995008777613 0 0
88 0.992380667306 0 0
89 0.990348531764 0 0
90 0.989657951419 0 0
91 0.990368230345 0 0
92 0.991854211187 0 0
93 0.993272944101 0 0
94 0.994088058761 0 0
95 0.994243746683 0 0
96 0.994005819152 0 0
97 0.993723883279 0 0
98 0.993672681483 0 0
99 0.99398577396 0 0
100 0.994665771328 0 0
101 0.99568155073 0 0
102 0.997103086242 0 0
103 0.99913358708 0 0
104 1.00197874439 0 0
105 1.00567999148 0 0
106 1.0100705987 0 0
107 1.0148436932 0 0
108 1.01960907796 0 0
109 1.02390941678 0 0
110 1.02729817839 0 0
111 1.02954628143 0 0
112 1.03081617715 0 0
113 1.03149618154 0 0
114 1.03170384322 0 0
115 1.03096250298 0 0
116 1.02841506934 0 0
117 1.02330825759 0 0
118 1.01532666705 0 0
119 1.0046871626 0 0
120 0.992101146518 0 0
121 0.978688828098 0 0
122 0.965896148567 0 0
123 0.955392898634 0 0
124 0.948807172752 0 0
125 0.947247262241 0 0
126 0.950852112825 0 0
127 0.958696006087 0 0
128 0.969148343257 0 0
129 0.98050771113 0 0
130 0.991543443658 0 0
131 1.00159503947 0 0
132 1.01022525651 0 0
133 1.01690077423 0 0
134 1.02116644715 0 0
135 1.0231560675 0 0
136 1.0239044433 0 0
137 1.02512114727 0 0
138 1.02839762822 0 0
139 1.03420310063 0 0
140 1.04142975808 0 0
141 1.04799577942 0 0
142 1.05207026852 0 0
143 1.05293514344 0 0
144 1.05088860086 0 0
145 1.04651213541 0 0
146 1.04022938929 0 0
147 1.03256314852 0 0
148 1.02450416974 0 0
149 1.01739573496 0 0
150 1.01240706936 0 0
151 1.00999676578 0 0
152 1.00970523309 0 0
153 1.01039258434 0 0
154 1.01081409058 0 0
155 1.01029408307 0 0
156 1.00909035153 0 0
157 1.00801315859 0 0
158 1.00748935446 0 0
159 1.00708716758 0 0
160 1.00609178164 0 0
161 1.00435812138 0 0
162 1.00246605856 0 0
163 1.0011989626 0 0
164 1.00095693846 0 0
165 1.00153808363 0 0
166 1.00234776251 0 0
167 1.00281838295 0 0
168 1.00272348068 0 0
169 1.00220559468 0 0
170 1.001572666 0 0
171 1.00104994431 0 0
172 1.00066336944 0 0
173 1.00032900384 0 0
174 1.00006704739 0 0
175 1.00014952458 0 0
176 1.00103129771 0 0
177 1.00309771259 0 0
178 1.00642119061 0 0
179 1.0106721502 0 0
180 1.01518798548 0 0
181 1.01915596289 0 0
182 1.02186033656 0 0
183 1.02289574788 0 0
184 1.02224130173 0 0
185 1.02017831019 0 0
186 1.01712804797 0 0
187 1.01351912298 0 0
188 1.00974220674 0 0
189 1.00615821227 0 0
190 1.00310298218 0 0
191 1.00087309133 0 0
192 0.999698168257 0 0
193 0.999705575507 0 0
194 1.00088933326 0 0
195 1.00309764475 0 0
196 1.00600580072 0 0
197 1.00904974499 0 0
198 1.01143358044 0 0
199 1.01234050309 0 0
200 1.01123749567 0 0
201 1.00803387774 0 0
202 1.00310724712 0 0
203 0.99736151018 0 0
204 0.992204151721 0 0
205 0.989197771759 0 0
206 0.989480664867 0 0
207 0.993334219644 0 0
208 1.00012468694 0 0
209 1.0085588974 0 0
210 1.01708416002 0 0
211 1.02429552362 0 0
212 1.02926231784 0 0
213 1.03170912763 0 0
214 1.03201146874 0 0
215 1.03099905321 0 0
216 1.0295930976 0 0
217 1.02836395511 0 0
218 1.02720290583 0 0
219 1.02532606999 0 0
220 1.02166963294 0 0
221 1.01548827825 0 0
222 1.0068421032 0 0
223 0.996730143637 0 0
224 0.986748713719 0 0
225 0.978326474131 0 0
226 0.971942177151 0 0
227 0.96698448478 0 0
228 0.962538485008 0 0
229 0.95853028051 0 0
230 0.956056189434 0 0
231 0.956260839755 0 0
232 0.959078706641 0 0
233 0.963576345373 0 0
234 0.969011266161 0 0
235 0.974917653205 0 0
236 0.980564954319 0 0
237 0.984885931046 0 0
238 0.986977144454 0 0
239 0.986555210923 0 0
240 0.984007636534 0 0
241 0.980157219169 0 0
242 0.975951358501 0 0
243 0.972158956758 0 0
244 0.969109608003 0 0
245 0.96656506857 0 0
246 0.963833776072 0 0
247 0.960151286285 0 0
248 0.955182529674 0 0
249 0.949380970827 0 0
250 0.944002840337 0 0
251 0.94075705725 0 0
252 0.941194022766 0 0
253 0.946037309983 0 0
254 0.954802719232 0 0
255 0.965943076357 0 0
256 0.977391903731 0 0
257 0.987205265202 0 0
258 0.99408606715 0 0
259 0.997654787575 0 0
260 0.998382997491 0 0
261 0.99723667679 0 0
262 0.995235516479 0 0
263 0.993157895614 0 0
264 0.991434222881 0 0
265 0.990112257387 0 0
266 0.988858223427 0 0
267 0.987116285633 0 0
268 0.984532184397 0 0
269 0.98151304116 0 0
270 0.97951324062 0 0
271 0.980455806082 0 0
272 0.985254755894 0 0
273 0.993096129416 0 0
274 1.00260067274 0 0
275 1.0127146211 0 0
276 1.02220308662 0 0
277 1.02969278238 0 0
278 1.03447247943 0 0
279 1.03666010465 0 0
280 1.03678777113 0 0
281 1.0355158176 0 0
282 1.03359986966 0 0
283 1.03187039471 0 0
284 1.03103719387 0 0
285 1.03137945559 0 0
286 1.03262034534 0 0
287 1.03417110225 0 0
288 1.03549788864 0 0
289 1.03621808511 0 0
290 1.03596913036 0 0
291 1.03442369997 0 0
292 1.03152905266 0 0
293 1.02768652323 0 0
294 1.02362435424 0 0
295 1.01995707125 0 0
296 1.01673382174 0 0
297 1.01342060163 0 0
298 1.00935844594 0 0
299 1.00425698905 0 0
300 0.998340122445 0 0
301 0.992145118815 0 0
302 0.986224383448 0 0
303 0.980981358754 0 0
304 0.97669941032 0 0
305 0.973659841984 0 0
306 0.972229127227 0 0
307 0.972847858769 0 0
308 0.97590024978 0 0
309 0.981516529665 0 0
310 0.989420133387 0 0
311 0.998889015099 0 0
312 1.00881846408 0 0
313 1.01786357269 0 0
314 1.02466190809 0 0
315 1.02809827866 0 0
316 1.02754135897 0 0
317 1.02305985815 0 0
318 1.01564650934 0 0
319 1.00727980653 0 0
320 1.00039180855 0 0
321 0.996666589764 0 0
322 0.996168136255 0 0
323 0.997710898771 0 0
324 0.999849404319 0 0
325 1.0015237384 0 0
326 1.00228347682 0 0
327 1.00226700094 0 0
328 1.00194207687 0 0
329 1.00171363104 0 0
330 1.00167077331 0 0
331 1.00163462785 0 0
332 1.00139656536 0 0
333 1.00091715918 0 0
334 1.00033542098 0 0
335 0.999804962133 0 0
336 0.9993365623 0 0
337 0.998819055152 0 0
338 0.998178809184 0 0
339 0.997502819414 0 0
340 0.997010014068 0 0
341 0.996884387085 0 0
342 0.99707286128 0 0
343 0.997187991417 0 0
344 0.996635842366 0 0
345 0.994941865126 0 0
346 0.992033000875 0 0
347 0.988223609257 0 0
348 0.98392487909 0 0
349 0.97935714134 0 0
350 0.974534149481 0 0
351 0.969525750028 0 0
352 0.9647423567 0 0
353 0.960965453546 0 0
354 0.959035943355 0 0
355 0.959393085422 0 0
356 0.96184065953 0 0
357 0.965737259471 0 0
358 0.970389549398 0 0
359 0.975274266101 0 0
360 0.979973247464 0 0
361 0.984022171142 0 0
362 0.986949480549 0 0
363 0.988573892546 0 0
364 0.989300138585 0 0
365 0.990066535808 0 0
366 0.991910931133 0 0
367 0.995485713447 0 0
368 1.00084380013 0 0
369 1.00748454175 0 0
370 1.01446844623 0 0
371 1.02056653042 0 0
372 1.02454890482 0 0
373 1.02559524637 0 0
374 1.02362188956 0 0
375 1.01932554919 0 0
376 1.01391500095 0 0
377 1.00865980032 0 0
378 1.00445330746 0 0
379 1.0015884573 0 0
380 0.999857199667 0 0
381 0.998905668511 0 0
382 0.99859889019 0 0
383 0.999113902165 0 0
384 1.00066890045 0 0
385 1.00307337878 0 0
386 1.00545704277 0 0
387 1.00645754898 0 0
388 1.00482750692 0 0
389 1.00011248775 0 0
390 0.993014046576 0 0
391 0.985256861815 0 0
392 0.978998206067 0 0
393 0.976005500662 0 0
394 0.976988263734 0 0
395 0.981411784016 0 0
396 0.987805552054 0 0
397 0.99432802073 0 0
398 0.999335609314 0 0
399 1.00180815785 0 0
400 1.00156760064 0 0
401 0.999258087052 0 0
402 0.996090954175 0 0
403 0.993431462625 0 0
404 0.99238227182 0 0
405 0.993510772324 0 0
406 0.996777946015 0 0
407 1.00164319981 0 0
408 1.00728176501 0 0
409 1.01283540426 0 0
410 1.01761119166 0 0
411 1.02116744122 0 0
412 1.02330192849 0 0
413 1.02399758863 0 0
414 1.02333680915 0 0
415 1.02139068175 0 0
416 1.01816083608 0 0
417 1.01365822307 0 0
418 1.00807331572 0 0
419 1.00188898766 0 0
420 0.995836637414 0 0
421 0.99072495834 0 0
422 0.98722937597 0 0
423 0.985707876379 0 0
424 0.986109264885 0 0
425 0.9880423177 0 0
426 0.990978354411 0 0
427 0.994407566532 0 0
428 0.997823619559 0 0
429 1.00068297486 0 0
430 1.00247734393 0 0
431 1.00281554918 0 0
432 1.00148088024 0 0
433 0.99858731898 0 0
434 0.994813936782 0 0
435 0.991423676883 0 0
436 0.989775489392 0 0
437 0.990538426769 0 0
438 0.993275281212 0 0
439 0.996755872767 0 0
440 0.999682716908 0 0
441 1.00132387049 0 0
442 1.00178224813 0 0
443 1.00183024697 0 0
444 1.00239268608 0 0
445 1.00398043823 0 0
446 1.00647012645 0 0
447 1.00935134471 0 0
448 1.01213053281 0 0
449 1.01451362398 0 0
450 1.01629815202 0 0
451 1.01717352351 0 0
452 1.01667236746 0 0
453 1.01438010102 0 0
454 1.01029080375 0 0
455 1.00503235516 0 0
456 0.999707446165 0 0
457 0.995368373137 0 0
458 0.992481472856 0 0
459 0.990766773439 0 0
460 0.989518735195 0 0
461 0.988190191404 0 0
462 0.986814113176 0 0
463 0.985924128914 0 0
464 0.986037672273 0 0
465 0.987147210755 0 0
466 0.988649098169 0 0
467 0.989758549704 0 0
468 0.990105689263 0 0
469 0.990121542535 0 0
470 0.990938261996 0 0
471 0.993760759578 0 0
472 0.999053690988 0 0
473 1.00620471387 0 0
474 1.01397160235 0 0
475 1.02124666067 0 0
476 1.0275081845 0 0
477 1.03277566445 0 0
478 1.03725677106 0 0
479 1.04099097385 0 0
480 1.04374182263 0 0
481 1.04516237644 0 0
482 1.04502654839 0 0
483 1.04334996261 0 0
484 1.04039557896 0 0
485 1.03659963255 0 0
486 1.03241950528 0 0
487 1.02814256302 0 0
488 1.02377827034 0 0
489 1.01914482965 0 0
490 1.01410362311 0 0
491 1.00873764617 0 0
492 1.00333079134 0 0
493 0.998225608333 0 0
494 0.993716079478 0 0
495 0.990011889575 0 0
496 0.987210893412 0 0
497 0.985260970291 0 0
498 0.983978689103 0 0
499 0.983194878423 0 0
500 0.982972563005 0 0
501 0.983716045973 0 0
502 0.986015764384 0 0
503 0.990253492402 0 0
504 0.99620145103 0 0
505 1.00293431008 0 0
506 1.00920369257 0 0
507 1.01401044243 0 0
508 1.01683459761 0 0
509 1.01727501162 0 0
510 1.01459140295 0 0
511 1.00793178391 0 0
512 0.997220214594 0 0
513 0.983724363585 0 0
514 0.969605816056 0 0
515 0.956924039643 0 0
516 0.947093437982 0 0
517 0.941092465088 0 0
518 0.939799517978 0 0
519 0.94382147526 0 0
520 0.952886755288 0 0
521 0.965424164612 0 0
522 0.97885069239 0 0
523 0.990459918372 0 0
524 0.998328326278 0 0
525 1.00176991583 0 0
526 1.00124390509 0 0
527 0.997845458921 0 0
528 0.992643955108 0 0
529 0.986291696487 0 0
530 0.979169107202 0 0
531 0.971811438661 0 0
532 0.965138434408 0 0
533 0.960309869126 0 0
534 0.958365582076 0 0
535 0.959878849398 0 0
536 0.964776984024 0 0
537 0.972392837493 0 0
538 0.981689415162 0 0
539 0.991489904165 0 0
540 1.00058327444 0 0
541 1.00780947355 0 0
542 1.01231277548 0 0
543 1.01385461281 0 0
544 1.01286631003 0 0
545 1.01016793129 0 0
546 1.00659738289 0 0
547 1.00279274806 0 0
548 0.999165138318 0 0
549 0.995966141362 0 0
550 0.99338829834 0 0
551 0.991696298438 0 0
552 0.991328309954 0 0
553 0.992817468487 0 0
554 0.996472752445 0 0
555 1.00202597607 0 0
556 1.00857861069 0 0
557 1.01494963671 0 0
558 1.02017511199 0 0
559 1.02382665555 0 0
560 1.02601985534 0 0
561 1.02720264051 0 0
562 1.0279012476 0 0
563 1.02857007956 0 0
564 1.02959282942 0 0
565 1.03135171436 0 0
566 1.03417687083 0 0
567 1.03806173488 0 0
568 1.04233206136 0 0
569 1.04567072401 0 0
570 1.04661849332 0 0
571 1.04419169869 0 0
572 1.03822468152 0 0
573 1.02937024636 0 0
574 1.01889059061 0 0
575 1.0083351288 0 0
576 0.999161039399 0 0
577 0.992393520695 0 0
578 0.988447762302 0 0
579 0.987169801617 0 0
580 0.988040833154 0 0
581 0.990423761167 0 0
582 0.993721505101 0 0
583 0.997377637319 0 0
584 1.00076424087 0 0
585 1.00309084566 0 0
586 1.00348355528 0 0
587 1.00124072681 0 0
588 0.996082403284 0 0
589 0.988244354928 0 0
590 0.978473591252 0 0
591 0.968065190845 0 0
592 0.958923916423 0 0
593 0.953366428355 0 0
594 0.953344654128 0 0
595 0.959391683428 0 0
596 0.970258382388 0 0
597 0.983622149676 0 0
598 0.99712982001 0 0
599 1.00902812883 0 0
600 1.01921191089 0 0
601 1.02730364336 0 0
602 1.03304162138 0 0
603 1.03650005245 0 0
604 1.03806677087 0 0
605 1.03844477836 0 0
606 1.03860251704 0 0
607 1.03956266734 0 0
608 1.04202590565 0 0
609 1.04603029088 0 0
610 1.05090704368 0 0
611 1.05559251858 0 0
612 1.05908633082 0 0
613 1.06077857682 0 0
614 1.06051241711 0 0
615 1.05842677573 0 0
616 1.0547316506 0 0
617 1.04956737033 0 0
618 1.04302869694 0 0
619 1.03536186669 0 0
620 1.02723078964 0 0
621 1.01977879452 0 0
622 1.01421747017 0 0
623 1.01117684725 0 0
624 1.01052045213 0 0
625 1.01178969449 0 0
626 1.01462777017 0 0
627 1.0187276716 0 0
628 1.02352739785 0 0
629 1.02809301391 0 0
630 1.03136693253 0 0
631 1.03260169905 0 0
632 1.03168286675 0 0
633 1.02920523036 0 0
634 1.02631545717 0 0
635 1.0243629599 0 0
636 1.02443624717 0 0
637 1.02697088646 0 0
638 1.03161041717 0 0
639 1.03732199719 0 0
640 1.04266021814 0 0
641 1.04612048611 0 0
642 1.04655789003 0 0
643 1.04356990538 0 0
644 1.0376689737 0 0
645 1.03013743478 0 0
646 1.02262366371 0 0
647 1.01667427523 0 0
648 1.01341157515 0 0
649 1.0134493351 0 0
650 1.01697215306 0 0
651 1.02379796247 0 0
652 1.03331732982 0 0
653 1.04441601318 0 0
654 1.05558753914 0 0
655 1.06526269209 0 0
656 1.07217901397 0 0
657 1.07563388114 0 0
658 1.07556165196 0 0
659 1.07244358358 0 0
660 1.06710058057 0 0
661 1.06040896291 0 0
662 1.05301609227 0 0
663 1.04525440622 0 0
664 1.03734602358 0 0
665 1.02963023726 0 0
666 1.02252113575 0 0
667 1.01630798432 0 0
668 1.01110947953 0 0
669 1.00702935662 0 0
670 1.00428561745 0 0
671 1.00318247598 0 0
672 1.00402604959 0 0
673 1.00706529392 0 0
674 1.01238947361 0 0
675 1.01974371767 0 0
676 1.0283756563 0 0
677 1.03703732609 0 0
678 1.04416528263 0 0
679 1.04823357768 0 0
680 1.04825658464 0 0
681 1.04432339501 0 0
682 1.03785926049 0 0
683 1.03117278528 0 0
684 1.02626226482 0 0
685 1.02374181435 0 0
686 1.02281838075 0 0
687 1.02216834638 0 0
688 1.02083886794 0 0
689 1.01862002565 0 0
690 1.01592939882 0 0
691 1.0134833604 0 0
692 1.01194435655 0 0
693 1.01164506298 0 0
694 1.0125067827 0 0
695 1.01418556871 0 0
696 1.01627465798 0 0
697 1.01839799086 0 0
698 1.0202261971 0 0
699 1.02146841376 0 0
700 1.02181839308 0 0
701 1.02089311181 0 0
702 1.01826354035 0 0
703 1.01361305633 0 0
704 1.00694702053 0 0
705 0.998732161792 0 0
706 0.989906644148 0 0
707 0.981776226405 0 0
708 0.975806232397 0 0
709 0.9733021951 0 0
710 0.975050247378 0 0
711 0.981067056423 0 0
712 0.990549168167 0 0
713 1.00204106573 0 0
714 1.01381019117 0 0
715 1.02430276198 0 0
716 1.03248467774 0 0
717 1.03800813044 0 0
718 1.04125349617 0 0
719 1.04321969724 0 0
720 1.04518513019 0 0
721 1.04818696992 0 0
722 1.05255460944 0 0
723 1.05776157892 0 0
724 1.06265285277 0 0
725 1.06586363931 0 0
726 1.06621555937 0 0
727 1.06299680512 0 0
728 1.05613944963 0 0
729 1.04632665033 0 0
730 1.0349977821 0 0
731 1.02415523611 0 0
732 1.01590723814 0 0
733 1.01183474901 0 0
734 1.01244451215 0 0
735 1.01698757843 0 0
736 1.02375399965 0 0
737 1.03070737102 0 0
738 1.03614846804 0 0
739 1.03913132807 0 0
740 1.0395431469 0 0
741 1.03792090686 0 0
742 1.03511045968 0 0
743 1.03187607348 0 0
744 1.0286443594 0 0
745 1.02553850173 0 0
746 1.02263877935 0 0
747 1.02023297148 0 0
748 1.01884852262 0 0
749 1.01903075187 0 0
750 1.02103730136 0 0
751 1.02466497329 0 0
752 1.02930042138 0 0
753 1.03413574924 0 0
754 1.03839163775 0 0
755 1.04142951329 0 0
756 1.04278315176 0 0
757 1.04221752771 0 0
758 1.03981763961 0 0
759 1.03600924743 0 0
760 1.03147018805 0 0
761 1.02697896305 0 0
762 1.02325538706 0 0
763 1.02082940257 0 0
764 1.01995499907 0 0
765 1.02053955941 0 0
766 1.02207053387 0 0
767 1.02363033811 0 0
768 1.02412954774 0 0
769 1.02274865132 0 0
770 1.01936627317 0 0
771 1.01463343447 0 0
772 1.00951833153 0 0
773 1.00466180312 0 0
774 1.00020197327 0 0
775 0.996184615918 0 0
776 0.992915561009 0 0
777 0.990797265147 0 0
778 0.989925065734 0 0
779 0.98992170749 0 0
780 0.990121074572 0 0
781 0.989863883014 0 0
782 0.988680923005 0 0
783 0.986365390864 0 0
784 0.983050829568 0 0
785 0.979278455967 0 0
786 0.975842683642 0 0
787 0.973353272777 0 0
788 0.971899584393 0 0
789 0.971239238629 0 0
790 0.971266284382 0 0
791 0.972087140922 0 0
792 0.973709503983 0 0
793 0.975973447277 0 0
794 0.978739728317 0 0
795 0.981882787165 0 0
796 0.985138348894 0 0
797 0.988150944148 0 0
798 0.990776668438 0 0
799 0.993346268181 0 0
800 0.996547764575 0 0
801 1.00096197457 0 0
802 1.00668626046 0 0
803 1.01335694183 0 0
804 1.0204095425 0 0
805 1.02725474225 0 0
806 1.0333016387 0 0
807 1.03799843737 0 0
808 1.04100200502 0 0
809 1.04235787997 0 0
810 1.04250230536 0 0
811 1.04209138341 0 0
812 1.04183810831 0 0
813 1.04244145283 0 0
814 1.04448078975 0 0
815 1.048155375 0 0
816 1.0529951724 0 0
817 1.05783842747 0 0
818 1.06121306762 0 0
819 1.06193241116 0 0
820 1.059545072 0 0
821 1.05438855772 0 0
822 1.0472566913 0 0
823 1.03891156289 0 0
824 1.02975375923 0 0
825 1.01986062113 0 0
826 1.00931995439 0 0
827 0.998572696353 0 0
828 0.988569810906 0 0
829 0.980724146182 0 0
830 0.97661027471 0 0
831 0.977341324499 0 0
832 0.98290186089 0 0
833 0.992024256832 0 0
834 1.00277983292 0 0
835 1.01338808125 0 0
836 1.02271773208 0 0
837 1.03036737525 0 0
838 1.03646177451 0 0
839 1.04132134015 0 0
840 1.04513729074 0 0
841 1.04777268022 0 0
842 1.04876846545 0 0
843 1.0475392407 0 0
844 1.04366819619 0 0
845 1.03716274845 0 0
846 1.02853817063 0 0
847 1.01870078171 0 0
848 1.00873378135 0 0
849 0.999645199536 0 0
850 0.992055571189 0 0
851 0.986040832101 0 0
852 0.981417519101 0 0
853 0.978227214388 0 0
854 0.976869163941 0 0
855 0.977759961021 0 0
856 0.980892055797 0 0
857 0.985692941208 0 0
858 0.991249027572 0 0
859 0.996635021818 0 0
860 1.00112260852 0 0
861 1.00429330304 0 0
862 1.00618137507 0 0
863 1.00740022095 0 0
864 1.00899225229 0 0
865 1.01187420673 0 0
866 1.01619928908 0 0
867 1.02115353235 0 0
868 1.02535160266 0 0
869 1.02752663085 0 0
870 1.02706382855 0 0
871 1.02412296086 0 0
872 1.0193842258 0 0
873 1.01362272794 0 0
874 1.0073664932 0 0
875 1.00087287837 0 0
876 0.994462695419 0 0
877 0.988898280593 0 0
878 0.985353309659 0 0
879 0.984919124852 0 0
880 0.98811796335 0 0
881 0.99476610698 0 0
882 1.00404568379 0 0
883 1.01461343827 0 0
884 1.02481677338 0 0
885 1.03308299402 0 0
886 1.03832126574 0 0
887 1.04009155956 0 0
888 1.03848892622 0 0
889 1.0339333605 0 0
890 1.02709589902 0 0
891 1.01897163295 0 0
892 1.01084608736 0 0
893 1.00396823443 0 0
894 0.999097358447 0 0
895 0.99624880038 0 0
896 0.994783647514 0 0
897 0.993773783348 0 0
898 0.992442510446 0 0
899 0.990438498548 0 0
900 0.987801855146 0 0
901 0.984688715103 0 0
902 0.981131766021 0 0
903 0.977084945631 0 0
904 0.972662648771 0 0
905 0.968270024451 0 0
906 0.964502707407 0 0
907 0.96189913101 0 0
908 0.960639455567 0 0
909 0.960319985678 0 0
910 0.960023113566 0 0
911 0.958792723087 0 0
912 0.956259381069 0 0
913 0.952912187941 0 0
914 0.949736654372 0 0
915 0.94753083657 0 0
916 0.94654980953 0 0
917 0.946739334129 0 0
918 0.948196583775 0 0
919 0.951386058844 0 0
920 0.956956986095 0 0
921 0.965312605524 0 0
922 0.97621836648 0 0
923 0.988705504973 0 0
924 1.00134636398 0 0
925 1.01273804851 0 0
926 1.02189497056 0 0
927 1.02836408809 0 0
928 1.03212464962 0 0
929 1.03342384503 0 0
930 1.03264222441 0 0
931 1.0302473078 0 0
932 1.02685398255 0 0
933 1.02330851322 0 0
934 1.02063767849 0 0
935 1.01977143751 0 0
936 1.02112488228 0 0
937 1.02431100565 0 0
938 1.02825050078 0 0
939 1.0316416679 0 0
940 1.0334785416 0 0
941 1.03335939351 0 0
942 1.03153659898 0 0
943 1.02874938655 0 0
944 1.02588344366 0 0
945 1.0235784555 0 0
946 1.02204054274 0 0
947 1.02116913473 0 0
948 1.02075534904 0 0
949 1.02050444606 0 0
950 1.01995381429 0 0
951 1.0185098152 0 0
952 1.01569350568 0 0
953 1.01148476923 0 0
954 1.00651754035 0 0
955 1.00188942015 0 0
956 0.998593076416 0 0
957 0.996893198885 0 0
958 0.996053934015 0 0
959 0.994619471795 0 0
960 0.991125671998 0 0
961 0.984838552613 0 0
962 0.976089266823 0 0
963 0.966100949306 0 0
964 0.956538252437 0 0
965 0.949045251646 0 0
966 0.94488726698 0 0
967 0.944705000222 0 0
968 0.948383563878 0 0
969 0.955072408075 0 0
970 0.963419508067 0 0
971 0.972014121927 0 0
972 0.979835572938 0 0
973 0.986439908988 0 0
974 0.991834422681 0 0
975 0.996222031951 0 0
976 0.999799943805 0 0
977 1.00266628011 0 0
978 1.00481234178 0 0
979 1.00619746841 0 0
980 1.00688765205 0 0
981 1.00712958939 0 0
982 1.00724287918 0 0
983 1.00744866032 0 0
984 1.00789390492 0 0
985 1.00888615195 0 0
986 1.01100080598 0 0
987 1.01477031582 0 0
988 1.02017772942 0 0
989 1.02654973175 0 0
990 1.03301102643 0 0
991 1.0389928931 0 0
992 1.04434935417 0 0
993 1.04912167815 0 0
994 1.05322339132 0 0
995 1.0562834488 0 0
996 1.05778186462 0 0
997 1.05742396186 0 0
998 1.05547567523 0 0
999 1.05275439302 0 0
1000 1.0502223541 1.04743876815 7.90032174727e-05
1001 1.04846149148 1.03437944825 0.000315066706229
1002 1.04742085806 1.01386291961 0.000706042148044
1003 1.04660443623 0.986308080945 0.00124878495712
1004 1.04552515487 0.952255920044 0.00193906028403
1005 1.04408345948 0.91237266147 0.00277150540894
1006 1.04263564803 0.867457371908 0.00373976024929
1007 1.04175367666 0.818431908871 0.00483676725359
1008 1.04187496691 0.766300387166 0.00605512934168
1009 1.04307035226 0.712084519086 0.00738739019656
1010 1.04503809843 0.656752275839 0.00882615191409
1011 1.04727613426 0.601161276936 0.0103640396912
1012 1.04928280416 0.546030093012 0.0119935907921
1013 1.05065563392 0.491935888154 0.0137071536539
1014 1.05107456477 0.439326916956 0.0154968269729
1015 1.05026528621 0.388537837717 0.0173544163745
1016 1.04806506285 0.339802171673 0.0192713791791
1017 1.0446476503 0.2932674001 0.0212387894578
1018 1.0407691615 0.249022047938 0.0232474645539
1019 1.03767885347 0.207134622201 0.0252884300822
1020 1.03652883705 0.167687774111 0.0273536842218
1021 1.03771383986 0.130787484225 0.029436883131
1022 1.04072376902 0.0965454069994 0.031533527359
1023 1.0445148302 0.0650533822234 0.033640581606
1024 1.04796292749 0.0363669732197 0.0357558078978
1025 1.050130722 0.0105020324667 0.0378770950675
1026 1.0503812681 -0.0125619469389 0.0400019285147
1027 1.04843717252 -0.0328793161298 0.042127038635
1028 1.04442273496 -0.0505380399181 0.0442482461296
1029 1.03886514807 -0.0656607973371 0.0463605272587
1030 1.03261322586 -0.0784006215284 0.0484583127556
1031 1.0266545358 -0.0889235871629 0.0505360095419
1032 1.02184930261 -0.0973810876942 0.0525886725347
1033 1.01865375194 -0.103885309802 0.0546126693268
1034 1.01695665087 -0.10850752129 0.056606119395
1035 1.01615561307 -0.111306849884 0.0585689028342
1036 1.01547980357 -0.112374465248 0.0605022047679
1037 1.0144040735 -0.111864112338 0.0624077543735
1038 1.01292892222 -0.109988685119 0.0642870761771
1039 1.01155567283 -0.106990655758 0.0661410587036
1040 1.0109599931 -0.103109839518 0.067969983649
1041 1.01155510549 -0.0985647703173 0.0697739081991
1042 1.01318196831 -0.0935483526038 0.071553130755
1043 1.01507703497 -0.0882269195424 0.0733084368941
1044 1.01616378102 -0.0827349696589 0.0750409378501
1045 1.01556552254 -0.0771709653594 0.0767515906673
1046 1.01307308871 -0.0716012033459 0.0784407148845
1047 1.00932141377 -0.0660718799442 0.0801078310767
1048 1.00560858907 -0.0606229421649 0.0817519667141
1049 1.00344678902 -0.0552964131166 0.0833723499925
1050 1.00401648114 -0.0501410230145 0.0849692390706
1051 1.00774527201 -0.0452203578371 0.0865445477591
1052 1.01421254686 -0.0406265423926 0.0881019896187
1053 1.02237066339 -0.0364863174155 0.0896466775192
1054 1.03085631152 -0.0329410528612 0.0911843771411
1055 1.03823777881 -0.0301007284651 0.0927206530748
1056 1.04324280142 -0.0279993442267 0.0942600622628
1057 1.04501044863 -0.0265825606299 0.0958054934231
1058 1.0432879941 -0.0257307111354 0.0973577717048
1059 1.03848634467 -0.0252953097815 0.0989156131474
1060 1.03156379109 -0.0251295693106 0.100475962165
1061 1.02377068934 -0.0251088353276 0.102034628951
1062 1.01637134642 -0.0251472719533 0.103587072543
1063 1.0104598988 -0.0252130315015 0.105129136907
1064 1.00688144773 -0.0253326445549 0.10665761211
1065 1.00618603745 -0.0255748776591 0.108170592616
1066 1.0085805456 -0.0260123542803 0.109667637946
1067 1.0139004921 -0.0266772518023 0.111149788138
1068 1.02160944364 -0.0275370454886 0.112619455788
1069 1.03082795586 -0.0285040508912 0.114080216692
1070 1.04043672592 -0.0294721117615 0.115536470761
1071 1.0492749582 -0.0303597021722 0.116992996815
1072 1.05636738852 -0.0311388750191 0.11845446665
1073 1.06110164783 -0.0318402333836 0.119925001245
1074 1.06331399241 -0.0325372332342 0.121407854893
1075 1.06325515254 -0.0333184962393 0.122905279946
1076 1.06143590564 -0.0342587331209 0.12441858803
1077 1.05842588709 -0.0353997152404 0.125948370623
1078 1.0547342055 -0.0367471334982 0.12749477115
1079 1.05085095904 -0.0382804090972 0.129057722705
1080 1.04736678638 -0.0399655271056 0.130637152318
1081 1.04495420839 -0.0417585119137 0.132233198291
1082 1.04410543938 -0.0435948370534 0.133846454812
1083 1.04482352562 -0.0453730815501 0.135478127495
1084 1.04658860826 -0.0469497136764 0.137129969418
1085 1.0486662927 -0.0481562315014 0.138804003903
1086 1.05049701806 -0.0488334684577 0.140502180982
1087 1.05187200508 -0.048864811226 0.142226132949
1088 1.05281451819 -0.048192195841 0.1439770854
1089 1.05331835641 -0.0468125319685 0.145755852565
1090 1.05318783154 -0.0447647876741 0.147562819464
1091 1.05211247124 -0.0421226166375 0.149397868462
1092 1.04986132597 -0.0390013960387 0.151260287088
1093 1.04634327233 -0.0355725177971 0.153148737103
1094 1.04146205735 -0.0320656423986 0.155061265426
1095 1.03501287751 -0.0287476701181 0.156995239181
1096 1.02686377198 -0.0258855052515 0.158947122956
1097 1.01727413149 -0.023709225166 0.160912209624
1098 1.00697076523 -0.0223856804417 0.162884543936
1099 0.996850909314 -0.0220060911205 0.164857152787
1100 0.987590965214 -0.0225879730894 0.166822511617
1101 0.979549744881 -0.0240875931424 0.16877308471
1102 0.973045418922 -0.0264119437823 0.170701883556
1103 0.968676047907 -0.0294235399691 0.172603108078
1104 0.967284590947 -0.032946602066 0.174472881211
1105 0.969512482256 -0.0367863300677 0.176309882381
1106 0.975288244997 -0.0407620552203 0.178115519513
1107 0.98364953942 -0.0447369234087 0.179893434172
1108 0.992990249131 -0.0486280451925 0.18164844572
1109 1.00152664971 -0.0523962664643 0.183385275854
1110 1.00775233882 -0.0560260004986 0.185107411877
1111 1.01079368079 -0.0595071575174 0.186816341884
1112 1.010640265 -0.0628218303747 0.188511313776
1113 1.00814884173 -0.0659354855411 0.190189687243
1114 1.0046837118 -0.0687958195484 0.191847792701
1115 1.00145155382 -0.0713421415321 0.193482022254
1116 0.998914840667 -0.0735177993556 0.195089698531
1117 0.996689396851 -0.0752693509014 0.196669357924
1118 0.993917821746 -0.0765278222386 0.198220471241
1119 0.989794610038 -0.0771901238637 0.199742874502
1120 0.983998287004 -0.0771262999932 0.201236209713
1121 0.976938893723 -0.0762188269975 0.202699586643
1122 0.969764682192 -0.0744136569851 0.204131589519
1123 0.964111141799 -0.0717556205468 0.205530676916
1124 0.961696838537 -0.0683908975476 0.206895863622
1125 0.963926279521 -0.0645372689995 0.208227494381
1126 0.971571263556 -0.0604365697044 0.209527922596
1127 0.984565952543 -0.0563031360251 0.210801980366
1128 1.00200249965 -0.0522811460921 0.212057180756
1129 1.02232130399 -0.0484236863402 0.213303604529
1130 1.04355548515 -0.0447034492215 0.214553450641
1131 1.06355998416 -0.0410536322109 0.215820176772
1132 1.08027037441 -0.0374194835107 0.217117246297
1133 1.09199769698 -0.0337965556457 0.218456682127
1134 1.09768853856 -0.0302412949642 0.219847743891
1135 1.09709354634 -0.0268545029151 0.221296033144
1136 1.09082793991 -0.0237487395204 0.22280316353
1137 1.08027205405 -0.0210165887076 0.224367053477
1138 1.06725184952 -0.0187143675457 0.225982800129
1139 1.05358555913 -0.0168636508133 0.227643916538
1140 1.04073104467 -0.015465131107 0.229343556528
1141 1.02967188158 -0.0145159691812 0.231075356221
1142 1.02094315604 -0.014019534857 0.232833804783
1143 1.01465653462 -0.0139800384333 0.234614298512
1144 1.01052400288 -0.0143786722231 0.236413067186
1145 1.00792365743 -0.0151379755351 0.238227086586
1146 1.0060000773 -0.0160934972937 0.240053968738
1147 1.00380354133 -0.0169960549726 0.241891757587
1148 1.00052030885 -0.0175536962763 0.243738594442
1149 0.99579854846 -0.0175020055221 0.245592323336
1150 0.990011251725 -0.0166773581034 0.247450267594
1151 0.984222124904 -0.0150622052703 0.249309386484
1152 0.979797172682 -0.0127842993286 0.251166837613
1153 0.97789007794 -0.0100729740873 0.253020714863
1154 0.979103494784 -0.00719708899464 0.254870569318
1155 0.983417806429 -0.00441306388291 0.256717440072
1156 0.990281884773 -0.00193854136296 0.258563382582
1157 0.998801926592 5.09244768695e-05 0.26041070388
1158 1.00803636656 0.00141806434 0.262261227313
1159 1.01727579176 0.00206481777875 0.264115867348
1160 1.02610574565 0.00194152009272 0.265974623221
1161 1.03425004467 0.00106654433525 0.267836877055
1162 1.04135004521 -0.000450127727842 0.269701732015
1163 1.04674166677 -0.00240305334542 0.271568162542
1164 1.04933645657 -0.00453386307441 0.273434860765
1165 1.04790263615 -0.00661218257686 0.275299805464
1166 1.04172223914 -0.00850254729265 0.27715974841
1167 1.03107406188 -0.0101791631045 0.279009951516
1168 1.01716462347 -0.0116990178696 0.280844389533
1169 1.00169757952 -0.0131598648691 0.282656327849
1170 0.986508195966 -0.014657568801 0.284439027747
1171 0.973495710624 -0.01625024744 0.286186422134
1172 0.964669525611 -0.0179404325548 0.287893832032
1173 0.961802994084 -0.0196848941384 0.289558896281
1174 0.965525590953 -0.0214265636837 0.291182545297
1175 0.974656508119 -0.0231259320086 0.292769321222
1176 0.986714079983 -0.0247704887632 0.294326462706
1177 0.999225318778 -0.0263601304565 0.29586218588
1178 1.01066185271 -0.0278851329267 0.297384148777
1179 1.02052274091 -0.0293129329136 0.298898707904
1180 1.02889409344 -0.0305876630722 0.300410873787
1181 1.03593158107 -0.0316417093678 0.301924615115
1182 1.04152941227 -0.0324156528679 0.303443174843
1183 1.04529225012 -0.0328771296075 0.304969211605
1184 1.04678016387 -0.0330271583353 0.306504775133
1185 1.04587537429 -0.0328881350249 0.308051291553
1186 1.04308641654 -0.0324799617166 0.309609740727
1187 1.0396240123 -0.0318022676033 0.311181084778
1188 1.03711727113 -0.030838149432 0.312766826945
1189 1.03697825252 -0.0295711343813 0.3143694423
1190 1.03973502183 -0.0279907340855 0.315992427084
1191 1.04481568548 -0.0260805323604 0.317639891781
1192 1.05091778695 -0.0238140300519 0.319315857144
1193 1.05660735863 -0.0211773986978 0.321023538558
1194 1.06076547295 -0.0182071769286 0.322764835117
1195 1.06275660096 -0.0150134995998 0.324540075564
1196 1.06235583169 -0.0117700380699 0.326347982318
1197 1.05956181715 -0.00867769473095 0.328185780229
1198 1.05446949138 -0.00592180270688 0.330049371694
1199 1.04729532762 -0.00364265727844 0.331933531095
1200 1.03846498864 1.03912170141 0.333832122886
1201 1.02859193295 1.02274161366 0.335738391023
1202 1.01832071352 0.998342481727 0.337645290729
1203 1.00820719799 0.96627118413 0.33954579514
1204 0.998785810221 0.927051708647 0.341433137535
1205 0.990720882142 0.881416663206 0.343301057227
1206 0.984796886198 0.830326097074 0.345144197117
1207 0.981697124989 0.774938268 0.346958683734
1208 0.981747354297 0.716523063546 0.348742795783
1209 0.984754786347 0.656339150298 0.350497508813
1210 0.989969422238 0.59550998724 0.352226608932
1211 0.996228369542 0.534934126117 0.353936079782
1212 1.00230903874 0.475260093001 0.355632847682
1213 1.00735306246 0.416931775208 0.357323335789
1214 1.01114636452 0.360273873097 0.359012341445
1215 1.01412065282 0.305572989999 0.360702483548
1216 1.01707333784 0.253121605401 0.362394199509
1217 1.02072981028 0.203220586592 0.364086115219
1218 1.02536069257 0.1561622539 0.365775603769
1219 1.03068045666 0.112222155203 0.367459357903
1220 1.03608592372 0.0716684036845 0.36913390649
1221 1.04100952374 0.0347653944052 0.370796107531
1222 1.04515558234 0.00174633694707 0.372443628243
1223 1.04859724736 -0.0272320300411 0.374075330615
1224 1.05171992321 -0.0521205524119 0.375691493018
1225 1.05497325853 -0.0729822850758 0.377293850261
1226 1.05855659753 -0.0899822292927 0.378885428555
1227 1.06222910223 -0.103374360294 0.380470197264
1228 1.06529893592 -0.113482363471 0.382052638921
1229 1.06675771899 -0.12066528166 0.383637340311
1230 1.06555246121 -0.125270931465 0.385228602896
1231 1.06095268851 -0.12759607167 0.386830042934
1232 1.05286793181 -0.127873529699 0.388444238881
1233 1.04197335793 -0.126291253137 0.390072523179
1234 1.0296157297 -0.123029036685 0.391715000008
1235 1.01752832635 -0.118293355329 0.393370794717
1236 1.00738563284 -0.11233415794 0.395038502025
1237 1.00030497358 -0.105433125922 0.396716688373
1238 0.996518576563 -0.0978681656879 0.398404281707
1239 0.995403904621 -0.0898727217977 0.400100693012
1240 0.99583145783 -0.0816106437135 0.401805662176
1241 0.996608914213 -0.0731757525625 0.40351888509
1242 0.996838968089 -0.0646131258928 0.405239567353
1243 0.996127820194 -0.0559542498393 0.406966035259
1244 0.994624647474 -0.0472541066328 0.408695503195
1245 0.992892785056 -0.0386145811214 0.410424091859
1246 0.991702772582 -0.0301816168389 0.412147133991
1247 0.991857986278 -0.02212140146 0.413859789569
1248 0.994021426003 -0.0145961030332 0.41555788784
1249 0.998497267564 -0.00775148157883 0.417238730695
1250 1.00511414878 -0.00171018470884 0.418901520557
1251 1.01336717132 0.00343977782058 0.420547286297
1252 1.02271546126 0.00766052486169 0.42217856979
1253 1.03276655889 0.0109710998699 0.423799286142
1254 1.04318240735 0.0134342185769 0.425414926687
1255 1.05340140689 0.0151259811499 0.427032791056
1256 1.06249242336 0.0161072021982 0.428661748437
1257 1.06936981953 0.0164167169837 0.430311341978
1258 1.07324842872 0.0160889159338 0.431990611805
1259 1.07399801312 0.0151773663396 0.433707170109
1260 1.07215246408 0.0137629495475 0.435466832353
1261 1.06859212486 0.0119373991784 0.437273710665
1262 1.0641312972 0.0097701438279 0.439130455958
1263 1.0592478759 0.00727920775293 0.441038338552
1264 1.05402172888 0.00442862283526 0.44299707176
1265 1.04824037354 0.00116036686461 0.445004603167
1266 1.04161326849 -0.00255146971559 0.447057129709
1267 1.03399073029 -0.00664979775963 0.449149378134
1268 1.02547616405 -0.0109764503781 0.451274954853
1269 1.01642469953 -0.0153024344182 0.453426521014
1270 1.00743214594 -0.0193943776487 0.455595850115
1271 0.999323411072 -0.023085652225 0.457774087962
1272 0.992939636518 -0.0263202624506 0.459952467202
1273 0.988682383659 -0.0291491269181 0.462123216769
1274 0.986268614504 -0.031678400696 0.46427996181
1275 0.985055815304 -0.0340013854149 0.466417253014
1276 0.984590211058 -0.0361530960555 0.468529720995
1277 0.984856037928 -0.038102690648 0.470611615021
1278 0.986147870443 -0.0397736535312 0.472657013695
1279 0.988794816742 -0.0410759546405 0.474660537079
1280 0.992937143813 -0.0419354127795 0.476618175915
1281 0.998407417687 -0.0423099238733 0.478527941333
1282 1.00468998536 -0.042192557921 0.480390074282
1283 1.01096710269 -0.0416055377344 0.482206720856
1284 1.01628320781 -0.040592263074 0.483981157853
1285 1.0197998365 -0.0392115378011 0.485716818963
1286 1.02104353355 -0.0375349764942 0.487416399494
1287 1.0200242145 -0.0356485602641 0.489081264066
1288 1.01712762992 -0.0336559669421 0.490711266572
1289 1.01281368984 -0.0316768503903 0.492304918387
1290 1.00734373541 -0.0298338344552 0.493859734945
1291 1.00081805345 -0.0282268706449 0.495372565963
1292 0.993535203247 -0.0269006631909 0.496839892953
1293 0.986246269226 -0.0258212013557 0.498258198181
1294 0.97988022289 -0.0248835945078 0.499624490298
1295 0.974986346678 -0.0239594372256 0.50093676067
1296 0.971567194754 -0.0229528546085 0.502194097065
1297 0.969407000504 -0.0218177053726 0.503396423751
1298 0.968366813244 -0.0205285544324 0.504544187852
1299 0.968341959836 -0.0190459112929 0.505638275476
1300 0.969059010365 -0.0173134906079 0.506680198931
1301 0.970009476891 -0.0152876659082 0.507672366285
1302 0.97063433078 -0.0129723410184 0.508618191055
1303 0.970623100421 -0.0104330823719 0.50952195515
1304 0.9700995417 -0.00778483346931 0.510388509514
1305 0.969576393755 -0.00516486188018 0.511222999135
1306 0.969731770553 -0.00270462544513 0.512030702811
1307 0.971141786082 -0.00050864547222 0.512816906256
1308 0.974082685948 0.0013559253397 0.513586645191
1309 0.978433044956 0.00286633481677 0.514344274504
1310 0.983655261371 0.00405497757414 0.51509310303
1311 0.988868329907 0.00501881516182 0.515835332614
1312 0.993036880741 0.00591273468013 0.516572295782
1313 0.995257806772 0.00692158898235 0.517304727715
1314 0.995056570603 0.00822399754636 0.518032868311
1315 0.992551527583 0.00996291010449 0.518756432411
1316 0.988409027327 0.0122281791677 0.519474625544
1317 0.983621179277 0.0150461014326 0.520186304012
1318 0.979185066514 0.0183733406128 0.520890230883
1319 0.975780666278 0.0221000420775 0.521585304425
1320 0.973580434205 0.0260696922937 0.522270630649
1321 0.972318383725 0.0301132367226 0.522945394991
1322 0.971601833084 0.0340814637074 0.523608673613
1323 0.971237347385 0.0378608172209 0.52425938182
1324 0.971337405136 0.0413722528782 0.524896532331
1325 0.972209446283 0.0445618514757 0.525519789177
1326 0.97421034603 0.0473883774442 0.52613010969
1327 0.9776798544 0.0498092935357 0.526730232223
1328 0.98288455804 0.0517689135041 0.52732482999
1329 0.989886083766 0.0531969612626 0.527920306098
1330 0.99839766336 0.054021193473 0.528524304584
1331 1.00777399663 0.0541850785859 0.52914502729
1332 1.01718100098 0.0536598181439 0.529790453758
1333 1.02581430639 0.0524437955299 0.530467585527
1334 1.03297489301 0.0505492515765 0.531181886104
1335 1.03797252567 0.0479834105973 0.531937012699
1336 1.04003601115 0.0447332022237 0.53273479924
1337 1.03841659581 0.0407591600148 0.53357538393
1338 1.03269711006 0.0360002201116 0.534457332512
1339 1.02317128195 0.030389147338 0.535377764672
1340 1.01106359657 0.0238769996608 0.536332520336
1341 0.998314460046 0.0164639865386 0.537316426061
1342 0.986836487194 0.00822513537708 0.538323661404
1343 0.977646799224 -0.000685524080515 0.539348160118
1344 0.970617970195 -0.0100535051763 0.54038389391
1345 0.965069905674 -0.0196275439188 0.541425101337
1346 0.960553991773 -0.0291319814053 0.542466628773
1347 0.957141210692 -0.0382710393584 0.543504480074
1348 0.955216202104 -0.0467401990281 0.544536412182
1349 0.955185001237 -0.0542502491098 0.545562241294
1350 0.957320948067 -0.0605573304951 0.546583674239
1351 0.961666587444 -0.0654888799738 0.547603714815
1352 0.967906175542 -0.0689600204061 0.548625888226
1353 0.975358971301 -0.0709789622665 0.549653464018
1354 0.983198796895 -0.0716414546972 0.55068880582
1355 0.99069188721 -0.0711158190993 0.551732968772
1356 0.997276994164 -0.0696227275088 0.552785669803
1357 1.00259162064 -0.0674150975776 0.553845634192
1358 1.00651303202 -0.0647609624539 0.554911223809
1359 1.00908184466 -0.061926996126 0.555981097199
1360 1.01026978039 -0.059155341099 0.557054618198
1361 1.00979339641 -0.0566323686488 0.558131788043
1362 1.00716853726 -0.0544585699571 0.559212772978
1363 1.00199106225 -0.0526309720206 0.56029731273
1364 0.994273843771 -0.0510392567286 0.561384378476
1365 0.984621383142 -0.0494741213857 0.562472345383
1366 0.97410753786 -0.0476584188369 0.563559639972
1367 0.964003514938 -0.0453131233107 0.564645429195
1368 0.955655571704 -0.0422435887954 0.565729828363
1369 0.950480151498 -0.0384027845138 0.566813562968
1370 0.949717813442 -0.0338987510301 0.567897587785
1371 0.953881714022 -0.0289476807088 0.568983038367
1372 0.962356102411 -0.0237977689972 0.57007140164
1373 0.973570393854 -0.018657598025 0.571164506755
1374 0.98561260724 -0.0136573527871 0.572264155422
1375 0.996799907643 -0.00884969628446 0.573371454531
1376 1.00596796362 -0.00423323438614 0.574486087316
1377 1.01259912714 0.000219713769702 0.575605716084
1378 1.01688656991 0.0045392926484 0.576725737704
1379 1.01962916927 0.00874067832896 0.577839531192
1380 1.02187781996 0.0128147426448 0.578939232074
1381 1.02447109221 0.0167280211886 0.58001690416
1382 1.02769343584 0.0204284329681 0.581065786384
1383 1.03117536704 0.0238508315066 0.582081307905
1384 1.03400153165 0.0269194043547 0.583061614224
1385 1.03495782343 0.0295505349051 0.584007512218
1386 1.0328610375 0.031659847534 0.584921916874
1387 1.02689901726 0.0331735398687 0.585808982274
1388 1.01690142489 0.0340407940287 0.586673157454
1389 1.00348391484 0.034243411552 0.587518380606
1390 0.988038300667 0.0338000071793 0.588347575185
1391 0.972534779847 0.0327639430686 0.58916257249
1392 0.959125712665 0.0312152682642 0.589964461116
1393 0.949640504726 0.0292460471545 0.5907542463
1394 0.945165846329 0.0269421992694 0.5915334796
1395 0.945876839454 0.0243686703474 0.592304555557
1396 0.951133793866 0.0215638184526 0.593070545797
1397 0.95974745893 0.0185451863612 0.593834627991
1398 0.97030073237 0.0153228281365 0.594599403038
1399 0.981444785666 0.0119120560887 0.595366353796
1400 0.992102849121 0.982896144645 0.596135556066
1401 1.00154368335 0.976327786668 0.596905625395
1402 1.00933962538 0.962075597525 0.59767382065
1403 1.01527211285 0.940621401725 0.598436255563
1404 1.01926288012 0.91254381991 0.599188241623
1405 1.02137649852 0.878482774226 0.599924768033
1406 1.02186756492 0.839124745175 0.600641123371
1407 1.02118780457 0.795205802795 0.601333612471
1408 1.01988207321 0.747516288332 0.602000215193
1409 1.01840419468 0.696888267889 0.602640994573
1410 1.01698995191 0.644162623192 0.603258030581
1411 1.01568540366 0.590153659614 0.603854857938
1412 1.01446893091 0.535631097889 0.604435665524
1413 1.01334637826 0.481319073121 0.605004613548
1414 1.0123935294 0.427895529801 0.605565487781
1415 1.01178152723 0.375980476049 0.606121713078
1416 1.01177485353 0.326114202627 0.606676601349
1417 1.01267019922 0.278732411839 0.607233695267
1418 1.01470416683 0.234147536494 0.607797026334
1419 1.01799561778 0.192545829741 0.608371170008
1420 1.02252616835 0.154004205292 0.608961100426
1421 1.02810077317 0.118522114079 0.60957192376
1422 1.03426003515 0.0860579600936 0.610208581134
1423 1.04020013299 0.0565535284432 0.610875529266
1424 1.04483483558 0.029937207926 0.611576329704
1425 1.04710581903 0.00611360577291 0.612313067864
1426 1.04646456698 -0.015040902914 0.613085732941
1427 1.0432584746 -0.0336641638976 0.613891899906
1428 1.03875932547 -0.04988455217 0.614727025156
1429 1.03475020257 -0.0638057950565 0.615585421315
1430 1.03285099828 -0.0755100490477 0.616461588141
1431 1.03395330044 -0.0850735583361 0.617351389203
1432 1.03804232971 -0.0925818564908 0.618252684711
1433 1.04440344865 -0.0981375759487 0.619165393011
1434 1.05200369607 -0.101860332291 0.620091196889
1435 1.05982625247 -0.103884432752 0.621033140579
1436 1.06706690454 -0.104362328889 0.621995199424
1437 1.07317390793 -0.103475191281 0.622981738243
1438 1.07771203882 -0.101440105433 0.623996869116
1439 1.08016226813 -0.0984957822145 0.625043694563
1440 1.0799188604 -0.0948630813018 0.626123487956
1441 1.07659331442 -0.090701234802 0.62723495578
1442 1.07040821426 -0.0860881745044 0.628373915653
1443 1.062366649 -0.0810396010546 0.629533586904
1444 1.05404388168 -0.0755612182501 0.630705455756
1445 1.04706442221 -0.0697126835677 0.631880480376
1446 1.04248725675 -0.0636507826754 0.633050340121
1447 1.04036773114 -0.0576219178542 0.634208514799
1448 1.03975588226 -0.051901615946 0.63535106723
1449 1.03926095417 -0.0467179982906 0.636476971678
1450 1.03790693337 -0.0422078476976 0.637587986093
1451 1.03566812354 -0.0384217655372 0.638688320648
1452 1.03332179449 -0.035354148018 0.639784306556
1453 1.03186010897 -0.0329622709353 0.640883940914
1454 1.03193508112 -0.0311606160948 0.641996147221
1455 1.03356178363 -0.0298087726343 0.643129926824
1456 1.03610465859 -0.0287218987384 0.644293677648
1457 1.0385491122 -0.0277096494656 0.645494706801
1458 1.03995162147 -0.0266187548412 0.646738846384
1459 1.03979174551 -0.025352085511 0.648030168452
1460 1.03797805111 -0.0238611790625 0.649370877649
1461 1.03455871087 -0.0221312810857 0.650761392576
1462 1.02946603595 -0.020178422453 0.652200491695
1463 1.02254951291 -0.0180581281625 0.653685410561
1464 1.01384688342 -0.015866221658 0.655211872555
1465 1.00383912505 -0.0137131578847 0.656774173017
1466 0.993449385111 -0.0116783775597 0.658365424661
1467 0.983724905858 -0.00977387311554 0.659977991583
1468 0.975438391346 -0.00793969973643 0.661603976612
1469 0.968966570931 -0.00606949678592 0.663235526923
1470 0.964455141562 -0.00404910334659 0.664865011538
1471 0.961940586995 -0.00179472083095 0.666485347113
1472 0.961240155706 0.000720709153602 0.668090547475
1473 0.961758168034 0.00346079766881 0.669676189274
1474 0.96247873431 0.00633598673784 0.671239413581
1475 0.962278560883 0.00922076455168 0.672778349611
1476 0.960451670048 0.0119665960403 0.67429121784
1477 0.957134134048 0.0144079168936 0.675775615969
1478 0.953305129522 0.0163685536595 0.677228513209
1479 0.950301216752 0.0176791639244 0.678647079825
1480 0.949169911575 0.0182088299754 0.680029946734
1481 0.950336850912 0.0178996585482 0.681378072059
1482 0.953751546022 0.0167878292605 0.682694612417
1483 0.959202899927 0.0150029096804 0.683983917912
1484 0.966413189675 0.0127499644678 0.685250362644
1485 0.974885054753 0.0102838039253 0.686497669044
1486 0.983779517089 0.00787571718598 0.687728936764
1487 0.992047275698 0.00577134025702 0.688946995776
1488 0.998800304481 0.00414669160284 0.690154594814
1489 1.00370679141 0.00307705441808 0.691354257642
1490 1.00712750007 0.0025301553255 0.692548055467
1491 1.00985890426 0.00238035075997 0.693737596252
1492 1.01261565055 0.00243475213592 0.694924195787
1493 1.01555770862 0.00246413843494 0.696108875165
1494 1.01814588826 0.00223880814454 0.697291877281
1495 1.01941667377 0.00157061081063 0.69847181308
1496 1.01850085368 0.000353934881912 0.699644955617
1497 1.01504048232 -0.00140925861849 0.700805191705
1498 1.00925121712 -0.00361557395938 0.701944789035
1499 1.00172163821 -0.00610077581104 0.703055632369
1500 0.993268587014 -0.00869868508837 0.704130431788
1501 0.984956416231 -0.0112877719954 0.705163648259
1502 0.978050430307 -0.0138033113418 0.706152281906
1503 0.973724288777 -0.0162161870229 0.707096611294
1504 0.972667054298 -0.0184966059412 0.708000611482
1505 0.974860175448 -0.0205840448166 0.708871677042
1506 0.979642963357 -0.0223785659432 0.709719691518
1507 0.986037632171 -0.0237607979697 0.71055575081
1508 0.993212388827 -0.0246353271945 0.711390932129
1509 1.0008237978 -0.0249803592712 0.71223537626
1510 1.00895889839 -0.0248814456764 0.713097824923
1511 1.01766376504 -0.0245301353244 0.713985513274
1512 1.02643345973 -0.0241823545839 0.714904137591
1513 1.03415121447 -0.024089952259 0.715857646205
1514 1.03962115703 -0.0244357999609 0.716847911288
1515 1.04231772204 -0.0252990827441 0.717874603032
1516 1.04275392604 -0.0266531438433 0.718935636109
1517 1.04217267131 -0.0283819600573 0.720028235925
1518 1.04180590475 -0.0303023926409 0.721150261616
1519 1.04228045034 -0.0321934031446 0.722301114551
1520 1.0435966715 -0.0338384998658 0.723481738425
1521 1.04558537582 -0.0350740544606 0.724693811547
1522 1.04834554626 -0.035820379951 0.725938858625
1523 1.05223673433 -0.0360801532704 0.727218012207
1524 1.05743106611 -0.0359110654202 0.728532614148
1525 1.06342108459 -0.0353878149055 0.729885128652
1526 1.06895509652 -0.0345694437094 0.731279652893
1527 1.07256779745 -0.0334860976409 0.732721723594
1528 1.07335272129 -0.0321546612492 0.734217741756
1529 1.07125667377 -0.0306125937083 0.735774611234
1530 1.06655009269 -0.0289265816491 0.737399772449
1531 1.05922166801 -0.0271499343451 0.739100976167
1532 1.04921362623 -0.0252764576649 0.740885183733
1533 1.03706877692 -0.0232539216436 0.742756953905
1534 1.02396409355 -0.0210464471221 0.744717219089
1535 1.0110613942 -0.0186795236075 0.746762907428
1536 0.998914606855 -0.0162277190784 0.748887178185
1537 0.98748433221 -0.0137650324261 0.751079912397
1538 0.976619175967 -0.0113211138745 0.753328266713
1539 0.966474818382 -0.00886703645727 0.755617280384
1540 0.957534260116 -0.00633093049835 0.757930652767
1541 0.950310874851 -0.00363314630855 0.760251702962
1542 0.945028222822 -0.000724344145789 0.762564464147
1543 0.941474565871 0.00239243083094 0.764854747923
1544 0.939076949718 0.00566634228105 0.767110940814
1545 0.937176976127 0.00902440446308 0.769324325227
1546 0.935392462426 0.0123990150986 0.771488904845
1547 0.933829251893 0.0157413134039 0.773600980889
1548 0.932994080008 0.0190196196265 0.775658737947
1549 0.933490096125 0.0222085637131 0.777662018343
1550 0.935707925767 0.0252742893394 0.779612254342
1551 0.939658432397 0.0281611453299 0.781512476617
1552 0.94495841374 0.030785371793 0.783367263434
1553 0.950935191715 0.0330394612639 0.785182472535
1554 0.956822146814 0.034806559185 0.786964698485
1555 0.961977041184 0.03598169893 0.788720615005
1556 0.965997148347 0.0364921551339 0.790456635358
1557 0.968659798757 0.0363113544021 0.792179146717
1558 0.969787016917 0.0354651658959 0.793895115024
1559 0.9692183933 0.0340318645614 0.795612474274
1560 0.966953925171 0.0321401506618 0.797339973534
1561 0.963355341323 0.0299637438178 0.799086556076
1562 0.959229430603 0.0277075044699 0.800860642416
1563 0.955660762779 0.0255810456374 0.802669613276
1564 0.953639576784 0.0237641661207 0.804519546279
1565 0.953743887307 0.022378521331 0.806415056502
1566 0.956049157572 0.0214779644781 0.80835904177
1567 0.960175780655 0.0210611121025 0.810352372761
1568 0.965350541873 0.0210996603075 0.812393743451
1569 0.970534848826 0.0215675559598 0.814479834142
1570 0.974706945069 0.0224559759136 0.816605776851
1571 0.977197225686 0.0237648165456 0.818765761371
1572 0.977869904414 0.0254757436943 0.820953615934
1573 0.977065472686 0.0275249441397 0.823163190183
1574 0.975399677369 0.029793118889 0.825388468924
1575 0.973587306516 0.032117243164 0.827623481251
1576 0.972384955171 0.0343128173406 0.829862234748
1577 0.972595797053 0.0361899470153 0.832098849383
1578 0.974959017027 0.0375578244452 0.834327908613
1579 0.979794536755 0.0382297572748 0.836544849482
1580 0.986638644089 0.0380412929634 0.838746052321
1581 0.994319525902 0.0368794462959 0.840928465761
1582 1.00146921642 0.0347052427317 0.843088926657
1583 1.00701446688 0.0315542477969 0.845223616991
1584 1.01036423511 0.0275177618826 0.847327926094
1585 1.01137303458 0.0227177556676 0.849396706815
1586 1.01024558176 0.0172884853236 0.851424682646
1587 1.00745014774 0.0113695324214 0.853406818126
1588 1.0036200536 0.00510993215066 0.855338512056
1589 0.999391657976 -0.00132280918484 0.857215549555
1590 0.995184080376 -0.00773901411563 0.859033846591
1591 0.991066495384 -0.0139375241212 0.860789084587
1592 0.986901585449 -0.0197301308071 0.862476374394
1593 0.982748377777 -0.0249697274819 0.864090263541
1594 0.979223226222 -0.0295708938122 0.86562528923
1595 0.977493774856 -0.0335160277681 0.867077146059
1596 0.978884686809 -0.0368468756599 0.868444207509
1597 0.984351956021 -0.0396402515024 0.869729006063
1598 0.994097986689 -0.0419749466959 0.870939237029
1599 1.00746230234 -0.0439070594519 0.872087947348
1600 1.02310746863 1.01102021901 0.873192679759
1601 1.03939314244 1.00706341615 0.87427374608
1602 1.05473944331 0.995939086236 0.875352081271
1603 1.06783800859 0.978128697101 0.876447265158
1604 1.07770107192 0.954182040197 0.877576073437
1605 1.08362739267 0.924664351845 0.87875165077
1606 1.08516636166 0.890118121336 0.879983165371
1607 1.08212863803 0.851041276851 0.881275746698
1608 1.07463493328 0.807881738804 0.882630577372
1609 1.06315790527 0.761048927615 0.884045073438
1610 1.04850784498 0.710937947023 0.885513193587
1611 1.03176045126 0.65795776428 0.887025890725
1612 1.01419823841 0.602561602659 0.888571693769
1613 0.997335390453 0.545284181876 0.890137372515
1614 0.982966269432 0.48679118845 0.891708625664
1615 0.973007592459 0.42792520985 0.893270774452
1616 0.968981490584 0.369705758529 0.89480952511
1617 0.971374326022 0.313249335169 0.896311869649
1618 0.979363493832 0.259625112239 0.897767112673
1619 0.991145072633 0.209709489916 0.899167765956
1620 1.00461874212 0.164097940298 0.900509988098
1621 1.01801482489 0.123090644009 0.901793395618
1622 1.0301970055 0.0867343070281 0.903020407031
1623 1.04060945211 0.0548897638785 0.904195431468
1624 1.04902623877 0.0273005274333 0.905324132005
1625 1.05531737814 0.00364897297748 0.906412860955
1626 1.0593519963 -0.0164027310412 0.907468299871
1627 1.06101894592 -0.0331851989942 0.908497322901
1628 1.06028958993 -0.0470060585739 0.909507059177
1629 1.05731340564 -0.0581406178578 0.910504997532
1630 1.05259580277 -0.0668211705076 0.911498895127
1631 1.04712634157 -0.0732242764823 0.912496305001
1632 1.04210475134 -0.0774748424325 0.913503850025
1633 1.0383363898 -0.079691667784 0.914526668505
1634 1.03603996947 -0.0800570306484 0.915568515946
1635 1.03532080475 -0.078854341426 0.916632664352
1636 1.03657887281 -0.0764455679385 0.917723253823
1637 1.04034005919 -0.0732145134338 0.918846366965
1638 1.04677874695 -0.0695160683094 0.920010171447
1639 1.05537630119 -0.0656481262199 0.921223964764
1640 1.06495948328 -0.0618436034176 0.922496528795
1641 1.07413466465 -0.0582755322769 0.92383447965
1642 1.08185629075 -0.0550665047723 0.92524109382
1643 1.08772833148 -0.0522923981814 0.926715742467
1644 1.091866807 -0.0499761066142 0.928253906125
1645 1.09452542881 -0.0480770501901 0.929847652556
1646 1.09584223356 -0.0464914897168 0.931486401348
1647 1.09589836713 -0.0450768172687 0.933157752877
1648 1.09491896504 -0.0436939060017 0.934848266213
1649 1.09323219724 -0.0422480854319 0.936544160683
1650 1.09092723761 -0.040710403043 0.938231907646
1651 1.08770012696 -0.0391140330857 0.939898661681
1652 1.08320645292 -0.0375338243604 0.941532559497
1653 1.07752484433 -0.0360575401184 0.943123055077
1654 1.07124237453 -0.0347567667844 0.944661468816
1655 1.06518944211 -0.0336621131539 0.946141714937
1656 1.0601188263 -0.0327469478208 0.947561069464
1657 1.0565089906 -0.0319248387568 0.948920784557
1658 1.05450100185 -0.031062683323 0.950226427522
1659 1.0539286517 -0.0300083739933 0.951487806528
1660 1.05441241487 -0.0286256747246 0.952718330211
1661 1.05547331517 -0.0268276752509 0.95393378538
1662 1.05661119323 -0.0245996035327 0.955150772957
1663 1.0573448473 -0.0220048569625 0.956385180153
1664 1.05727966168 -0.0191732515653 0.957650982615
1665 1.05625413913 -0.0162780553993 0.958959446434
1666 1.05450395382 -0.0135096122222 0.960318660194
1667 1.0526968008 -0.0110478192646 0.961733320734
1668 1.05175790402 -0.00903642334483 0.963204802324
1669 1.0525327535 -0.00756356336822 0.964731568709
1670 1.05543099446 -0.00665647014328 0.966309934779
1671 1.06024350347 -0.00629420613888 0.967934898465
1672 1.06626786684 -0.00643071287811 0.969600759079
1673 1.07266781672 -0.0070131066038 0.971301447133
1674 1.07881469052 -0.00798638479246 0.973030721536
1675 1.08440445465 -0.00928800934208 0.974782446164
1676 1.08932501509 -0.0108417728623 0.976550979341
1677 1.09341151471 -0.0125562870225 0.978331501641
1678 1.09628103695 -0.0143268365238 0.980120099687
1679 1.09736744777 -0.0160390319528 0.981913579349
1680 1.09610563134 -0.0175761795739 0.983709073482
1681 1.09208074981 -0.0188330354511 0.985503586318
1682 1.08504402086 -0.019736191687 0.98729349798
1683 1.07489684978 -0.0202668987523 0.989074040955
1684 1.06178294393 -0.0204763221456 0.990838833206
1685 1.04628599708 -0.0204829172613 0.992579739441
1686 1.02956076608 -0.0204462706491 0.994287298751
1687 1.01317734511 -0.0205222291251 0.995951700461
1688 0.998642133905 -0.0208148318377 0.997563999917
1689 0.986941965855 -0.0213441955907 0.999117158507
1690 0.978539130924 -0.0220411065626 1.00060666073
1691 0.973696389852 -0.0227657021131 1.00203082459
1692 0.972625148487 -0.0233431614687 1.00339102451
1693 0.975314188593 -0.0236070591607 1.00469192162
1694 0.981341323142 -0.0234418418514 1.00594145056
1695 0.98990741503 -0.0228133845137 1.0071503079
1696 1.00003745855 -0.0217757550262 1.00833085084
1697 1.01076916118 -0.0204505331998 1.00949569668
1698 1.02124577201 -0.0189883717322 1.01065646684
1699 1.0307538436 -0.0175288959876 1.01182299838
1700 1.03876016327 -0.0161722524335 1.01300307346
1701 1.04494469075 -0.0149674441298 1.01420244696
1702 1.04918724862 -0.0139143371296 1.01542496327
1703 1.05146590436 -0.0129733681404 1.01667259446
1704 1.05169454919 -0.0120786544013 1.01794541855
1705 1.04964372464 -0.0111524728942 1.01924157878
1706 1.04508378421 -0.0101177079298 1.02055734974
1707 1.03808616262 -0.00890389990568 1.02188749114
1708 1.02922829973 -0.00744654023393 1.02322601857
1709 1.0195080438 -0.00568483523121 1.02456736652
1710 1.0100290023 -0.00356385581801 1.02590763212
1711 1.00169325456 -0.00104321424104 1.02724553524
1712 0.995066638369 0.00188990325984 1.02858284523
1713 0.990402270313 0.0052045876999 1.02992417927
1714 0.987721267853 0.00880632056835 1.03127614869
1715 0.986883348204 0.0125197253683 1.03264581862
1716 0.987606486534 0.0160932607211 1.03403866132
1717 0.98942413364 0.0192416573122 1.03545669469
1718 0.991699847365 0.0217120369942 1.03689759692
1719 0.993808272377 0.0233312432214 1.03835517996
1720 0.995352618445 0.0240100484385 1.0398208292
1721 0.996216293484 0.0237222399673 1.04128520742
1722 0.996468549373 0.022491851132 1.04273955088
1723 0.996299433886 0.0203976623151 1.04417622746
1724 0.996021784517 0.0175762568327 1.04558871296
1725 0.996027465987 0.0142061212861 1.04697139988
1726 0.99666440616 0.0104762799435 1.04831952319
1727 0.998139058682 0.00655691273071 1.04962919106
1728 1.00053653558 0.00258382793971 1.05089745466
1729 1.00393364468 -0.00134021731478 1.05212241123
1730 1.00848295825 -0.00513424331849 1.05330342903
1731 1.01433124954 -0.008726464987 1.0544414939
1732 1.02138328999 -0.0120456439886 1.0555394941
1733 1.0291306246 -0.0150204843541 1.05660211335
1734 1.03676622766 -0.0175881858396 1.05763518723
1735 1.04353678934 -0.019708821394 1.058644683
1736 1.04904589926 -0.0213788028332 1.05963568785
1737 1.05329456749 -0.022636466892 1.06061179394
1738 1.05649896677 -0.0235569297354 1.06157505927
1739 1.05886903114 -0.0242388103164 1.06252643555
1740 1.06048427328 -0.0247875177967 1.06346644087
1741 1.06129691827 -0.0252984672202 1.06439574321
1742 1.0612285933 -0.0258411198945 1.065315465
1743 1.06028193826 -0.0264442105952 1.06622715434
1744 1.05857764974 -0.0270845246353 1.06713256042
1745 1.05627390327 -0.0276828315173 1.0680334243
1746 1.05343252868 -0.028110448388 1.06893142976
1747 1.04997663944 -0.0282062375161 1.06982824253
1748 1.04581084866 -0.0278014993595 1.07072556801
1749 1.04102142216 -0.0267477786367 1.07162512396
1750 1.03600130064 -0.0249402428006 1.07252855161
1751 1.03139860851 -0.0223277776004 1.0734372816
1752 1.02787529733 -0.0189060222667 1.07435243992
1753 1.02575811468 -0.0147010797412 1.07527484935
1754 1.02478924549 -0.00975709369845 1.07620519612
1755 1.02419164466 -0.00413530303966 1.07714433708
1756 1.02304582637 0.00208111062546 1.07809358347
1757 1.02073284816 0.00878543702803 1.07905481269
1758 1.01719402657 0.0158512179812 1.08003036449
1759 1.012946172 0.0231354987498 1.08102277622
1760 1.00892525948 0.0304779989331 1.08203448274
1761 1.00621037536 0.0377007509149 1.08306757841
1762 1.00564927824 0.0446208422453 1.08412371675
1763 1.0075257891 0.0510849340827 1.08520415829
1764 1.01156151055 0.0570140044832 1.08630998748
1765 1.01733428114 0.0624231477205 1.08744248307
1766 1.02465222881 0.067382951412 1.08860357432
1767 1.03334468188 0.0719416372886 1.08979623118
1768 1.04268746972 0.0760810712615 1.09102445623
1769 1.05133129027 0.0797518235144 1.09229283504
1770 1.0580243392 0.0829365850799 1.09360592091
1771 1.06233658767 0.0856648336672 1.0949677008
1772 1.06465559328 0.0879768020465 1.09638113237
1773 1.0656367256 0.0898854769424 1.09784758154
1774 1.06568995716 0.0913667603069 1.09936615738
1775 1.06479801437 0.0923748651226 1.10093309797
1776 1.0626055027 0.0928670800069 1.10254148886
1777 1.05861345317 0.0928215183708 1.10418157162
1778 1.05235522378 0.0922381310528 1.10584164666
1779 1.04350235319 0.0911248994683 1.10750919609
1780 1.03197702797 0.0894824648885 1.10917175316
1781 1.01821159609 0.0873047253952 1.11081724258
1782 1.0035221589 0.0846060978212 1.11243397238
1783 0.990172032134 0.0814626220769 1.11401076281
1784 0.980585031468 0.0780305092659 1.1155376143
1785 0.97595255122 0.0745144967291 1.11700672867
1786 0.97541879082 0.0710993251594 1.11841319633
1787 0.976661952852 0.067890711399 1.11975474257
1788 0.977366615806 0.0648974615427 1.12103058476
1789 0.976411437368 0.0620495305293 1.12224016876
1790 0.974049581196 0.0592292202854 1.12338250279
1791 0.971247098994 0.0563024589298 1.12445625058
1792 0.968924021558 0.0531484067876 1.12546018261
1793 0.967657660635 0.0496842886653 1.12639358481
1794 0.967763019844 0.0458809013127 1.12725661231
1795 0.96940010858 0.0417668684675 1.12805071208
1796 0.972629968313 0.0374251056852 1.12877904998
1797 0.977538705322 0.0329835083379 1.12944671432
1798 0.98435435974 0.0286024958236 1.1300606004
1799 0.993226578049 0.0244577777223 1.13062908294
1800 1.00365079998 0.994019750296 1.13116147047
1801 1.01419747497 0.98663016012 1.13166703062
1802 1.02299631738 0.971194136037 1.13215358369
1803 1.02848349763 0.947923384667 1.13262611894
1804 1.0298480902 0.917103348224 1.13308605366
1805 1.02721742046 0.879137273968 1.1335313855
1806 1.02169119616 0.834640572054 1.13395781214
1807 1.01502120735 0.784536281831 1.13436071792
1808 1.00885527796 0.730059218817 1.13473753576
1809 1.00399667896 0.672621794602 1.13508955821
1810 1.00021429758 0.613604396298 1.13542236089
1811 0.996637225704 0.554187099718 1.13574467199
1812 0.99239293065 0.495290341227 1.13606638874
1813 0.987116787047 0.437610646944 1.13639677855
1814 0.98110109042 0.381694317158 1.13674370763
1815 0.975101960937 0.327997140719 1.13711403473
1816 0.970029989245 0.276909325108 1.13751472434
1817 0.966735202869 0.22875480191 1.13795403935
1818 0.965883805341 0.183785565887 1.13844233199
1819 0.967805776781 0.142185863203 1.13899229521
1820 0.972313856904 0.104085803336 1.13961863465
1821 0.978638154 0.0695736780307 1.14033716668
1822 0.985578186788 0.0386988056419 1.14116346861
1823 0.991873148292 0.0114618488955 1.14211141457
1824 0.996720339705 -0.0121991999344 1.14319198967
1825 1.00022148693 -0.0324153156353 1.14441270053
1826 1.0034462137 -0.0493821181251 1.14577764234
1827 1.00803378603 -0.0633475970561 1.14728802124
1828 1.01543580718 -0.0745929135551 1.14894275695
1829 1.02587427014 -0.0834054688681 1.1507390014
1830 1.03786652257 -0.0900549610966 1.15267259695
1831 1.04924865704 -0.0947908255322 1.15473839045
1832 1.0585578564 -0.0978591001621 1.15693026086
1833 1.06526746413 -0.0995144943225 1.15924098487
1834 1.06917935433 -0.100009676083 1.16166207996
1835 1.06990433978 -0.0995656319347 1.16418365811
1836 1.06680366614 -0.0983415524752 1.16679427225
1837 1.05930515334 -0.0964189434341 1.16948071201
1838 1.04736722138 -0.0938040611478 1.17222779149
1839 1.03185408124 -0.0904473551392 1.17501820792
1840 1.01461100684 -0.0862809320265 1.17783267187
1841 0.998119422607 -0.0812772238557 1.18065040885
1842 0.984820884609 -0.0755145522775 1.18345004657
1843 0.97642772048 -0.0692140767153 1.18621078639
1844 0.973564862703 -0.0627199571894 1.18891364474
1845 0.975795880654 -0.0564292333584 1.19154255277
1846 0.981834661065 -0.050704227784 1.19408509522
1847 0.989856024369 -0.0458024051607 1.19653283966
1848 0.99790387439 -0.0418472420678 1.19888123911
1849 1.00428833978 -0.0388448138322 1.20112909459
1850 1.00786259093 -0.0367312344819 1.20327758189
1851 1.0081698251 -0.0354229900574 1.2053290398
1852 1.00545169541 -0.0348472599808 1.20728590923
1853 1.0004676699 -0.0349458787634 1.20915018556
1854 0.994168523193 -0.0356588635483 1.21092354504
1855 0.987424188188 -0.0369015488117 1.21260793129
1856 0.980925874157 -0.0385489983798 1.2142062192
1857 0.975198500684 -0.0404330850321 1.21572268015
1858 0.970678853407 -0.0423515852773 1.21716317332
1859 0.967789232713 -0.0440852719539 1.21853517408
1860 0.966834305566 -0.0454189536473 1.21984781382
1861 0.967725099183 -0.0461663402764 1.22111189109
1862 0.969852854653 -0.046197854605 1.2223396055
1863 0.972361478489 -0.0454659428777 1.22354390674
1864 0.974618465472 -0.0440176271044 1.22473764609
1865 0.97647522149 -0.0419836646194 1.2259328805
1866 0.978180722304 -0.0395425999397 1.227140468
1867 0.980158995076 -0.0368710285998 1.22836988657
1868 0.982884722068 -0.0340993598398 1.22962908822
1869 0.986865265853 -0.0312896392753 1.23092440542
1870 0.992576298365 -0.0284401791308 1.23226063042
1871 1.00026564614 -0.0255104812629 1.23364127981
1872 1.00972112335 -0.0224553483403 1.2350689607
1873 1.02019521683 -0.0192568528772 1.2365455841
1874 1.03057783628 -0.0159445066977 1.23807225067
1875 1.0397123759 -0.012598020747 1.23964886036
1876 1.04666059809 -0.00933522869079 1.24127371804
1877 1.05079918256 -0.00629013904826 1.24294333941
1878 1.05176957113 -0.00358874307106 1.24465252984
1879 1.04940877653 -0.00133024845127 1.24639461941
1880 1.04380052007 0.000422678550957 1.2481617186
1881 1.03545459441 0.00164421307906 1.24994494399
1882 1.02543067409 0.00233884709816 1.25173470325
1883 1.01516196241 0.00253251403008 1.25352107377
1884 1.00594724158 0.00226533917909 1.25529423491
1885 0.998444183628 0.00158853563275 1.25704489646
1886 0.992566965123 0.000565118925696 1.25876470788
1887 0.987795745618 -0.000728778760254 1.26044666311
1888 0.983572097199 -0.00220315150353 1.26208545896
1889 0.979545931107 -0.0037540021586 1.2636777207
1890 0.975657609353 -0.00526526946759 1.26522199613
1891 0.972115425488 -0.00661580477041 1.26671849929
1892 0.969326222552 -0.007692806555 1.26816870156
1893 0.967822278676 -0.00840927343279 1.26957491301
1894 0.968189005961 -0.00871968786941 1.27094001134
1895 0.97098059668 -0.0086270881307 1.27226734665
1896 0.976614695311 -0.00817761799598 1.2735608325
1897 0.985232777722 -0.00744412701102 1.27482518549
1898 0.996528829337 -0.00650495803655 1.27606624214
1899 1.00961368901 -0.00542565452633 1.27729112817
1900 1.02304095075 -0.00424909494524 1.27850798921
1901 1.03506336281 -0.00299480337906 1.27972517031
1902 1.04404033238 -0.00166513010938 1.28094994082
1903 1.04881339305 -0.000255946701926 1.28218714435
1904 1.04891285095 0.00123157877177 1.28343811623
1905 1.04458851128 0.00277994895701 1.28470019924
1906 1.03673697852 0.00434655485046 1.28596687735
1907 1.02676329389 0.00585989779911 1.28722852963
1908 1.01635335668 0.00722325563469 1.28847369736
1909 1.00715320597 0.00832914239468 1.28969078661
1910 1.00042349444 0.00908525862186 1.29087002411
1911 0.996777683863 0.00944515049087 1.29200524654
1912 0.996095349557 0.00943063511581 1.29309492772
1913 0.997636737405 0.00913260090851 1.29414207937
1914 1.00030407213 0.00868328275511 1.29515326314
1915 1.00296931901 0.00820875390357 1.2961372526
1916 1.0048239544 0.00778249456786 1.29710378891
1917 1.0056886055 0.00739407011719 1.29806255476
1918 1.00611524093 0.00693779306375 1.29902234508
1919 1.00712769776 0.00622805510148 1.2999905657
1920 1.00968991436 0.00504789255551 1.30097315328
1921 1.01420444555 0.00321797128514 1.30197479902
1922 1.02027867177 0.000654248401406 1.30299929172
1923 1.02681490593 -0.00261014438884 1.3040497927
1924 1.03235087975 -0.00644126775411 1.30512891921
1925 1.03550230245 -0.0106424312386 1.30623865764
1926 1.03536256981 -0.0149973799617 1.30738017697
1927 1.03178715994 -0.0193074267303 1.30855376862
1928 1.02552066409 -0.0234168227222 1.30975913646
1929 1.01806844249 -0.0272242867264 1.31099614376
1930 1.01122317881 -0.0306782465292 1.31226588357
1931 1.00637082523 -0.0337601596464 1.31357160558
1932 1.00395477777 -0.0364662223944 1.31491899851
1933 1.00341669667 -0.0387974783689 1.31631563373
1934 1.00357418241 -0.040761249362 1.31776973228
1935 1.00312348807 -0.0423776082451 1.31928875343
1936 1.0010073408 -0.0436819222135 1.32087827912
1937 0.996608198013 -0.0447193269212 1.32254140469
1938 0.989872540751 -0.0455310749732 1.32427856007
1939 0.981438587771 -0.0461362376215 1.32608753988
1940 0.972667504646 -0.0465177998992 1.32796358517
1941 0.965388882165 -0.0466237185732 1.32989960079
1942 0.961326856384 -0.0463869475257 1.33188671159
1943 0.961444683195 -0.0457541574887 1.33391520856
1944 0.965556979095 -0.0447039431979 1.33597559724
1945 0.972416228789 -0.043242770708 1.33805922235
1946 0.980204844201 -0.0413866337276 1.34015811759
1947 0.987172476744 -0.0391460557508 1.34226422464
1948 0.992150354824 -0.036522670236 1.34436849866
1949 0.994784306942 -0.0335162720507 1.34646040709
1950 0.995488611899 -0.0301380169706 1.34852811525
1951 0.995254837996 -0.0264273138948 1.35055933155
1952 0.995405583214 -0.0224677441854 1.35254260055
1953 0.997172385995 -0.0183915601447 1.35446883807
1954 1.00102753434 -0.0143656167833 1.35633278016
1955 1.00621633224 -0.010562487563 1.35813364475
1956 1.01105843397 -0.00713049945343 1.35987420556
1957 1.0138829722 -0.00417542475642 1.36155827251
1958 1.01395454171 -0.00175264207872 1.3631877801
1959 1.0118871529 0.000139098455569 1.36476126429
1960 1.00927568154 0.00156384105094 1.3662750538
1961 1.00760749206 0.00263747187372 1.3677268615
1962 1.00723740177 0.00348271925705 1.36911908987
1963 1.00739104286 0.00417104934375 1.37045883183
1964 1.00704043992 0.00469530055409 1.37175482579
1965 1.00564189867 0.00498808621747 1.37301434558
1966 1.00328311057 0.00496180919036 1.37424206265
1967 1.00050139066 0.00454298230277 1.37544076368
1968 0.998051264058 0.00369040287166 1.37661290883
1969 0.99669567475 0.00239966478163 1.37776222463
1970 0.997032169344 0.000700779624623 1.37889489863
1971 0.999368787141 -0.00134629578675 1.38002019284
1972 1.00363494636 -0.00365750711934 1.38115041293
1973 1.00931293468 -0.00613219731025 1.38230021154
1974 1.01547075572 -0.00866126121265 1.38348537999
1975 1.02098658254 -0.0111344180075 1.38472133617
1976 1.02490588844 -0.0134478592051 1.38602160204
1977 1.02676812796 -0.0155118795234 1.38739650962
1978 1.02677541399 -0.0172553767637 1.38885236503
1979 1.0257220821 -0.0186250609413 1.39039113379
1980 1.02464616183 -0.0195799306473 1.39201063463
1981 1.02435345251 -0.0200874980124 1.39370516658
1982 1.02512682802 -0.0201262373762 1.39546649223
1983 1.02675962564 -0.019689612623 1.39728503342
1984 1.02878066024 -0.0187869577458 1.39915097856
1985 1.03070224957 -0.0174437130971 1.40105486338
1986 1.03218076099 -0.0157022941699 1.40298744653
1987 1.0330012171 -0.0136225482803 1.40493903558
1988 1.03291487314 -0.0112806979484 1.40689866854
1989 1.03151722321 -0.00876479262033 1.40885353284
1990 1.02832552745 -0.00616691245809 1.41078891635
1991 1.02302587183 -0.00357439650351 1.41268874508
1992 1.0157176282 -0.00106362556304 1.4145366891
1993 1.00699124871 0.00130018945549 1.41631760882
1994 0.997810632235 0.00345887864944 1.41801899576
1995 0.98930440677 0.00535835253907 1.41963198672
1996 0.982570732817 0.00694895287412 1.42115173594
1997 0.978509930722 0.00818810019062 1.42257729304
1998 0.977661721175 0.00904517481219 1.42391132226
1999 0.980077953645 0.00950607069233 1.42515984175
